79,4
79,3
79,2
79,1
79,0
70,7
70,6
70,5
0,278
0,9
70,4
70,3
70,2
70,1
70,0
0,530
0,529
0,528
0,472
49,1
49,3
71,1
71,3
94,49
94,48
94,47
94,46
94,45
94,44
94,43
94,42
94,41
94,40
94,39
94,38
94,37
94,36
94,35
77,1
77,3
0,273
0,270
48,1
48,3
3,2
3,1
3,3
10,65
10,135
10,111
10,64
10,248
10,273
10,1
10,149
10,2
10,3
11,17
11,20
11,18
11,24
11,1
11,12
11,2
11,3
9,5
9,1
9,7
9,2
9,3
8,8
8,7
8,9
8,14
8,4
8,17
8,1
8,18
8,2
8,3
12,2
12,1
12,3
20,2
20,1
20,3
19,2
19,1
19,3
18,1
18,3
14,1
14,3
13,1
13,3
93,4
93,3
93,2
93,1
93,0
87,6
87,5
87,4
87,3
87,2
87,1
87,0
86,5
86,4
86,3
86,2
86,1
